0102220101 29.0  1.1  0.8  0.0  1.8  0.0 32.700010392藤田伸二　　5500101  14.4   1.20927462  0 24

0102220102 22.4  1.8  3.3  0.0  1.6  0.0 29.110010462北村宏司　　5300101  10.6   4.10927456- 8 35

0102220103  9.8  0.3 -1.0  0.0  0.0  0.0  9.100010394安田康彦　　5500101  17.1   4.50927464-14

0102220104 22.0  1.4  0.2  1.5  0.0  0.0 25.100010366小野次郎　　5500101   9.0   2.70927440  05 6

0102220105 15.0  0.2  0.0  0.0  0.0  0.0 15.200010318中舘英二　　5300101  60.1   9.20927434  0

0102220106 36.0  2.1  3.1  3.0  0.0  0.0 44.202010442勝浦正樹　　5500101   3.0   1.10927504+ 22 1

0102220107 21.8  0.3  0.0  0.0  0.0  0.0 22.102010398横山賀一　　5500101  61.0  19.00927442+ 6

0102220108 35.0  1.8  3.0  2.5  1.5  0.0 43.800010482川島信二　　5302101   6.8   3.50927450  0342

0102220109 20.0  1.3  0.3  2.0  0.0  0.0 23.600010339横山典弘　　5500101   5.2   2.50927486  049

0102220110 10.0  0.2 -1.0  0.0  0.0  0.0  9.202010444武士沢友治　5500101  23.6   7.60927500- 4

0102220111 13.0  0.2  0.0  0.0  0.0  0.0 13.200010449武幸四郎　　5500101  46.4  11.00927484- 6

0102220112 15.0  0.3  0.0  0.0  0.0  0.0 15.300010400上村洋行　　5500101  42.8   8.60927454+ 2

0102220113 25.0  2.5  1.6  3.5  3.6  0.0 36.200030022菅原勲　　　5500101   7.0   1.20927472- 2113

0102220201 19.0  0.1 -1.0  0.0  0.0  0.0 18.100010482川島信二　　5102101  20.1  10.00956466

0102220202 29.0  0.8  0.0  0.0  3.5  0.0 33.310010451松田大作　　5500101   3.7   1.50956468+ 2 16

0102220203 27.0  0.6  0.4  2.0  0.0  0.0 30.000030224斉藤正弘　　5300101  22.3   2.20956424  04

0102220204 26.0  0.2  0.0  0.0  0.0  0.0 26.200010404伊藤直人　　5300101  25.0   5.30956456  0

0102220205 24.5  0.2 -1.0  0.0  0.0  0.0 23.710010474鈴来直人　　5401101 117.0  15.00956446+10

0102220206 35.0  0.4  2.6  0.0  0.0  0.0 38.002030186宮崎光行　　5300101  12.8   4.20956452+ 4  3

0102220207 26.4  0.4  0.0  0.0  0.0  0.0 26.800010379小原義之　　5300101  27.6   8.60956488+ 4

0102220208 26.5  0.1 -1.0  0.0  0.0  0.0 25.600010363千田輝彦　　5300101  39.5   6.00956464- 2

0102220209 29.4  0.1 -1.0  0.0  0.0  0.0 28.510010306田面木博公　5500101  27.0   7.80956466- 8

0102220210 28.4  1.7  1.2  1.5  1.8  0.0 34.600010356菊沢隆徳　　5300101  11.3   4.00956428+ 2535

0102220211 28.0  0.5  0.7  0.0  0.0  0.0 29.200030022菅原勲　　　5300101  24.4   4.90956382  0

0102220212 40.0  3.2  4.5  3.5  1.6  0.0 52.800010392藤田伸二　　5300101   3.8   1.30956428+ 2141

0102220213 25.0  0.3  0.0  0.0  0.0  0.0 25.310010383村山明　　　5300101  17.1   5.80956470+16

0102220214 29.2  0.2  0.0  0.0  0.0  0.0 29.400010315鹿戸雄一　　5500101  30.5   6.70956442+ 2 9

0102220215 38.0  1.9  2.7  2.5  2.0  0.0 47.100010366小野次郎　　5300101  14.3   2.00956458- 6322

0102220216 31.0  0.9  1.4  3.0  0.0  0.0 36.302010318中舘英二　　5300101   8.3   2.60956448+ 22 4

0102220301 15.0  0.2  0.0  0.0  0.0  0.0 15.200030186宮崎光行　　5300101  58.2   4.71024514

0102220302 15.2  0.5  0.0  0.0  0.0  0.0 15.700010404伊藤直人　　5300101  69.2   6.71024456

0102220303 37.3  1.5  3.1  0.0  1.8  0.0 43.700010383村山明　　　5300101  19.2   2.81024496    33

0102220304 15.6  0.3 -1.0  0.0  0.0  0.0 14.900010459竹之下智昭　5300101  74.7   7.41024446

0102220305 15.9  0.3 -1.0  0.0  0.0  0.0 15.200010412岩部純二　　5300101  54.5   6.21024454

0102220306 33.8  1.8  2.0  2.0  0.0  0.0 39.603010401菊沢隆仁　　5300101   9.3   1.71024490   494

0102220307 16.4  0.4  0.0  0.0  0.0  0.0 16.800010400上村洋行　　5300101  94.9   6.21024430

0102220308 15.4  0.4 -1.0  0.0  0.0  0.0 14.802010366小野次郎　　5300101  40.0   5.21024454

0102220309 36.2  0.7  2.8  2.5  2.0  0.0 44.200010482川島信二　　5102101  18.6   2.61024486   322

0102220310 27.2  1.0  1.0  3.0  1.6  0.0 33.802010315鹿戸雄一　　5300101  18.2   1.71024434   245

0102220311 26.9  0.8  1.2  0.0  1.5  0.0 30.400010442勝浦正樹　　5300101  23.3   3.31024456    56

0102220312 43.5  3.3  5.6  3.5  4.4  0.0 60.300010392藤田伸二　　5300101   1.1   1.01024478   111

0102220401 40.0  2.7  2.9  2.5  1.7  0.0 49.800010339横山典弘　　5300101   7.1   2.91054514  0342

0102220402 30.0  0.9 -1.0  0.0  0.0  0.0 29.900010462北村宏司　　5300101  12.1   2.11054478+ 8

0102220403 25.0  0.2 -1.0  0.0  0.0  0.0 24.202030204桜井拓章　　5300101  43.1  18.01054422  0 9

0102220404 28.0  0.2 -1.0  0.0  0.0  0.0 27.210030194佐々木国明　5300101  28.4   2.71054442- 6

0102220405 35.0  0.9  2.4  0.0  0.0  0.0 38.300030228川島洋人　　5300101  14.9   4.01054532+ 2  4

0102220406 32.0  0.2  0.1  0.0  2.0  0.0 34.300030406服部茂史　　5300101  19.2   4.81054430- 8 2

0102220407 37.0  0.2 -1.0  0.0  0.0  0.0 36.200030218沼沢英知　　5300101  18.6   5.01054420- 6

0102220408 36.0  1.3  0.0  3.0  0.0  0.0 40.310010318中舘英二　　5300101   5.0   1.91054418+ 62 3

0102220409 33.0  1.8  1.9  1.5  0.0  0.0 38.200030022菅原勲　　　5300101   6.8   1.41054516- 25 5

0102220410 42.0  1.6  3.0  3.5  3.6  0.0 53.702030224斉藤正弘　　5300101   4.6   1.21054452-12111

0102220411 27.0  0.2 -1.0  0.0  1.8  0.0 28.000030157千葉津代士　5300101  40.0  12.01054424- 8 3

0102220412 31.0  0.6 -1.0  0.0  1.6  0.0 32.202030186宮崎光行　　5300101  14.4   5.41054430- 4 5

0102220413 29.0  1.8  4.3  2.0  0.0  0.0 37.100010442勝浦正樹　　5300101   8.6   3.71054428- 44 6

0102220414 24.0  0.2 -1.0  0.0  0.0  0.0 23.200030236竹内仁志　　5300101  24.4  10.01054406-10

0102220501 15.3  0.3  0.0  0.0  0.0  0.0 15.600010451松田大作　　5300101  53.9   8.11147458

0102220502 43.9  2.2  4.5  3.0  2.0  0.0 55.600010318中舘英二　　5300101   5.8   1.21147490   221

0102220503 34.2  2.0  2.6  1.5  1.6  0.0 41.902010356菊沢隆徳　　5300101   8.0   2.41147464   542

0102220504 29.9  1.6  1.6  2.0  1.7  0.0 36.800010482川島信二　　5102101  18.5   3.51147460   434

0102220505 15.9  0.2  0.0  0.0  0.0  0.0 16.100010449武幸四郎　　5300101  30.6   4.11147506

0102220506 28.0  0.6  1.3  0.0  0.0  0.0 29.900010339横山典弘　　5300101   6.6   2.41147486    9

0102220507 16.2  0.3  0.0  0.0  0.0  0.0 16.500010366小野次郎　　5300101  34.1   6.41147468

0102220508 15.7  0.5  0.0  2.5  0.0  0.0 18.700030022菅原勲　　　5300101  27.8   4.31147464   3

0102220509 30.6  2.4  1.7  3.5  3.5  0.0 41.700010392藤田伸二　　5300101   2.3   1.31147464   113

0102220510 29.7  1.8  1.9  0.0  0.0  0.0 33.400010442勝浦正樹　　5300101   9.8   2.21147444     5

0102220511 29.5  0.3  1.8  0.0  0.0  0.0 31.602010400上村洋行　　5300101  15.3   2.81147480     6

0102220512 20.4  0.5  0.2  0.0  0.0  0.0 21.100010462北村宏司　　5300101  28.5   3.51147482

0102220601 23.0  0.5 -1.0  0.0  0.0  0.0 22.500010459竹之下智昭　5300101  59.7  19.01220462+18

0102220602 42.6  2.1  0.5  0.0  1.8  0.0 47.000010398横山賀一　　5500101   6.9   3.21220450  0 35

0102220603 24.0  0.2  0.0  0.0  0.0  0.0 24.200010400上村洋行　　5500101  12.8   4.41220536- 8

0102220604 26.0  0.2 -1.0  0.0  0.0  0.0 25.200010315鹿戸雄一　　5500101  97.6  23.01220426- 8

0102220605 41.0  1.8  4.4  0.0  1.6  0.0 48.800010318中舘英二　　5500101   9.1   3.81220486+ 4 54

0102220606 22.0  0.2  0.0  0.0  0.0  0.0 22.200010462北村宏司　　5300101  11.0   2.41220406+ 6

0102220607 42.0  1.5  1.6  3.5  3.5  0.0 52.100010482川島信二　　5102101   4.6   2.11220492- 2111

0102220608 10.0  0.1  0.0  0.0  0.0  0.0 10.100030157千葉津代士　5300101 108.0  23.01220474+ 4

0102220609 40.4  1.3  2.4  3.0  2.0  0.0 49.112010339横山典弘　　5500101   8.1   3.21220450+ 2223

0102220610 40.0  2.0  3.7  2.5  1.7  0.0 49.900010366小野次郎　　5300101   9.3   2.11220450+10342

0102220611 31.0  0.2 -1.0  0.0  0.0  0.0 30.210010451松田大作　　5300101 109.0  17.01220458+ 4

0102220612 35.0  1.0  1.6  0.0  0.0  0.0 37.600010457酒井学　　　5500101  12.7   3.11220430+ 2  6

0102220613 34.0  0.2  0.0  1.5  0.0  0.0 35.700010444武士沢友治　5500101  18.7   3.21220492  05

0102220614 32.0  2.1  0.0  0.0  0.0  0.0 34.102030022菅原勲　　　5500101   9.3   2.71220494- 2 9

0102220615 36.0  0.2  0.0  0.0  0.0  0.0 36.210010404伊藤直人　　5500101 128.0  29.01220514  0

0102220616 34.4  0.9  0.0  2.0  0.0  0.0 37.300010392藤田伸二　　5300101   9.4   2.71220486+ 24

0102220701 17.0  0.6  0.0  2.5  0.0  0.0 20.110010339横山典弘　　5600101  14.7   2.11250572+183

0102220702 30.2  1.6  0.8  2.0  0.0  0.0 34.600030236竹内仁志　　5300101  16.6   2.61250428+ 2496

0102220703 33.3  0.7  1.4  3.0  3.6  0.0 42.000010482川島信二　　5502101   9.8   1.91250422- 4212

0102220704 31.0  1.2  0.0  0.0  0.0  0.0 32.200010356菊沢隆徳　　5500101  20.7   3.71250502  0

0102220705 28.9  1.6  0.8  1.5  0.0  0.0 32.800010442勝浦正樹　　5500101   7.3   2.91250522- 85

0102220706 34.0  0.6  0.0  0.0  1.7  0.0 36.300030228川島洋人　　5300101  21.5   5.51250414- 6 34

0102220707 32.0  1.0  2.0  0.0  0.0  0.0 35.000010404伊藤直人　　5700101  15.2   2.31250478+ 8  5

0102220708 34.4  0.5  0.0  0.0  2.0  0.0 36.900010366小野次郎　　5500101   6.5   2.91250458+ 2 23

0102220709 33.0  0.3  0.0  0.0  0.0  0.0 33.310010473小林慎一郎　5501101  76.6   9.01250460-10

0102220710 33.4  0.4  0.0  0.0  0.0  0.0 33.800010474鈴来直人　　5401101  19.0   4.51250436- 8

0102220711 23.0  0.3 -1.0  0.0  0.0  0.0 22.302030022菅原勲　　　5500101  27.1   6.91250462- 4

0102220712 31.4  2.8  3.7  3.5  1.5  0.0 42.900010462北村宏司　　5500101   2.1   1.01250460- 4141

0102220801 38.1  1.4  1.7  3.5  0.0  0.0 44.700010400上村洋行　　5700101   4.6   1.31317492+ 8192

0102220802 34.0  2.1  2.6  2.5  2.0  0.0 43.200010442勝浦正樹　　5700101   4.0   1.81317474  0333

0102220803 18.0  0.4  0.0  0.0  0.0  0.0 18.400010366小野次郎　　5700101  22.6   3.91317456+20

0102220804 35.0  1.0  1.2  0.0  0.0  0.0 37.200010449武幸四郎　　5600101   7.8   2.21317484+ 8  6

0102220805 22.0  0.3 -1.0  0.0  0.0  0.0 21.310010474鈴来直人　　5601101  38.0   8.21317522- 2

0102220806 38.0  2.7  4.6  3.0  3.6  0.0 51.902010459竹之下智昭　5500101   5.9   1.31317470+ 4211

0102220807 31.0  1.4  1.4  1.5  0.0  0.0 35.300010339横山典弘　　5700101   5.9   2.01317494- 65

0102220808 20.0  0.2 -1.0  0.0  0.0  0.0 19.202010473小林慎一郎　5201101  63.6   6.61317494- 2

0102220809 26.0  0.3  0.0  0.0  0.0  0.0 26.300010451松田大作　　5500101  90.3  16.01317496  0

0102220810 39.0  1.4  0.0  2.0  0.0  0.0 42.400010482川島信二　　5502101   9.5   3.61317478+ 44 4

0102220811 24.0  0.3  0.2  0.0  0.0  0.0 24.502010356菊沢隆徳　　5500101  20.3   4.71317492+ 6

0102220812 35.4  1.2  0.9  0.0  3.4  0.0 40.900010318中舘英二　　5600101  11.4   3.01317470- 2 25

0102220901 45.0  1.8  1.3  2.0  1.5  0.0 51.612010392藤田伸二　　5500101  10.4   2.11350454- 2442

0102220902 32.0  0.2  0.0  0.0  0.0  0.0 32.200010449武幸四郎　　5500101  38.9   6.01350428+ 2 9

0102220903 39.0  1.2  3.0  3.0  0.0  0.0 46.200010366小野次郎　　5500101  14.0   1.81350438  02 4

0102220904 21.0  0.1 -1.0  0.0  0.0  0.0 20.102030224斉藤正弘　　5300101 188.0  18.01350454- 4

0102220905 34.0  0.1 -1.0  0.0  0.0  0.0 33.100010473小林慎一郎　5501101 203.0  24.01350516+ 4

0102220906 40.0  0.9  0.0  0.0  0.0  0.0 40.900030022菅原勲　　　5500101  51.4   7.01350470+ 6  6

0102220907 29.0  0.1 -1.0  0.0  0.0  0.0 28.100030238中村裕司　　5300101  95.8  22.01350442  0

0102220908 39.4  0.8  0.2  0.0  0.0  0.0 40.400010442勝浦正樹　　5500101  46.1   7.11350468+14

0102220909 37.0  0.4  0.0  1.5  0.0  0.0 38.900010339横山典弘　　5700101  22.0   3.81350514+165

0102220910 44.0  0.8  1.7  2.5  2.0  0.0 51.001010482川島信二　　5502101   3.0   1.31350424-10323

0102220911 28.0  0.4  0.4  0.0  0.0  0.0 28.812010356菊沢隆徳　　5500101  22.2   1.61350494+10

0102220912 43.0  0.4  0.0  0.0  1.6  0.0 45.002010318中舘英二　　5500101  40.1   4.51350472+ 2 35

0102220913 36.0  0.6  0.0  0.0  0.0  0.0 36.600010379小原義之　　5400101  85.6   8.51350430  0

0102220914 44.4  3.2  4.0  3.5  4.4  0.0 59.500010462北村宏司　　5700101   1.8   1.11350510  0111

0102221001 34.2  0.2  0.0  0.0  0.0  0.0 34.400010318中舘英二　　5300101  28.8   4.91425458+14 9

0102221002 35.4  0.9  0.1  0.0  0.0  0.0 36.400030022菅原勲　　　5700101   9.4   2.61425464+ 2

0102221003 41.0  1.0  0.0  3.0  0.0  0.0 45.002010444武士沢友治　5700101   8.3   2.21425466+ 22 5

0102221004 30.0  0.2 -1.0  0.0  0.0  0.0 29.202010474鈴来直人　　5500101  33.4  11.01425464+ 8

0102221005 39.0  0.2  0.0  0.0  0.0  0.0 39.200010449武幸四郎　　5600101  59.5  10.01425460+10

0102221006 43.0  1.8  3.2  2.0  4.0  0.0 54.000010366小野次郎　　5300101   8.3   1.91425472+ 6411

0102221007 42.4  1.7  2.9  0.0  1.8  0.0 48.800010451松田大作　　5500101  10.2   3.11425502+ 4 44

0102221008 43.4  2.0  3.4  2.5  2.0  0.0 53.300010392藤田伸二　　5300101   6.1   2.51425426+ 4333

0102221009 36.0  0.5  0.0  0.0  0.0  0.0 36.510010400上村洋行　　5700101  14.0   4.11425458- 8

0102221010 30.0  0.3  0.0  0.0  0.0  0.0 30.300010442勝浦正樹　　5600101  56.1  11.01425498-14

0102221011 46.0  0.9  0.9  3.5  2.5  0.0 53.800010315鹿戸雄一　　5600101   4.5   1.81425434  0122

0102221012 20.0  0.2 -1.0  0.0  0.0  0.0 19.210010462北村宏司　　5700101  53.8   9.01425466+ 4

0102221013 37.6  1.3  2.6  1.5  1.6  0.0 44.600010339横山典弘　　5700101   6.5   3.21425458+14556

0102221014 34.0  0.3 -1.0  0.0  0.0  0.0 33.302010412岩部純二　　5500101 126.0  25.01425458+ 6

0102221015 39.2  0.1 -1.0  0.0  0.0  0.0 38.300010363千田輝彦　　5400101  20.0   7.11425436+ 2

0102221016 42.0  0.2  0.0  0.0  0.0  0.0 42.210010356菊沢隆徳　　5600101  26.6   4.21425506  0

0102221101 51.0  0.4  0.0  0.0  0.0  0.0 51.400010442勝浦正樹　　5600101  14.7   2.71501508  0

0102221102 54.0  0.8  0.0  1.5  0.0  0.0 56.300010392藤田伸二　　5700101  10.3   4.51501446  05 6

0102221103 48.4  2.9  2.8  3.0  3.2  0.0 60.300010462北村宏司　　5600101   5.1   1.31501484- 2224

0102221104 60.1  2.1  0.1  2.5  3.6  0.0 68.410010379小原義之　　5600101  10.1   2.61501448+ 4312

0102221105 53.0  0.4  0.0  0.0  0.0  0.0 53.400010318中舘英二　　5400101  42.4   5.41501470+ 2

0102221106 58.0  3.2  4.2  3.5  2.0  0.0 70.900010339横山典弘　　5600101   2.2   1.21501446  0141

0102221107 50.0  0.5  0.0  0.0  0.0  0.0 50.500010363千田輝彦　　5400101  22.5   4.81501480+ 4

0102221108 47.3  1.2  0.7  0.0  0.0  0.0 49.200010449武幸四郎　　6000101  19.0   4.71501438- 4

0102221109 59.0  1.4  3.4  0.0  2.4  0.0 66.200010400上村洋行　　5600101   7.6   1.31501490+ 2 33

0102221110 53.4  0.9  1.7  2.0  0.0  0.0 58.000030022菅原勲　　　5500101   9.5   2.11501446+ 4495

0102221201 36.0  2.3  3.8  3.0  0.0  0.0 45.100030022菅原勲　　　5700101   6.0   1.51536478- 12 6

0102221202 35.0  0.4  0.0  0.0  0.0  0.0 35.400010330須貝尚介　　5700101  28.1   3.91536474  0

0102221203 48.0  1.6  3.4  2.0  2.0  0.0 57.000010315鹿戸雄一　　5400101   9.1   2.01536450- 2433

0102221204 52.0  1.3  2.7  2.5  3.0  0.0 61.500010473小林慎一郎　5700101   4.6   1.71536438- 6321

0102221205 41.0  1.6  2.2  0.0  1.9  0.0 46.700010318中舘英二　　5700101  11.8   3.11536454- 2 45

0102221206 30.0  0.4 -1.0  0.0  0.0  0.0 29.400010400上村洋行　　5600101  43.6   6.91536510  0

0102221207 38.0  0.1 -1.0  0.0  0.0  0.0 37.100010482川島信二　　5600101 147.0  22.01536476- 2

0102221208 25.0  0.3 -1.0  0.0  0.0  0.0 24.302010412岩部純二　　5600101 138.0  22.01536480- 4

0102221209 42.0  2.1  5.6  3.5  4.4  0.0 57.600010442勝浦正樹　　5500101   2.7   1.81536490+18112

0102221210 38.4  0.4 -1.0  0.0  0.0  0.0 37.800010363千田輝彦　　5600101  23.7   7.81536556+10

0102221211 44.0  2.1  2.9  0.0  0.0  0.0 49.000010449武幸四郎　　5700101   7.8   1.81536478- 4 94

0102221212 33.0  0.5  0.0  1.5  1.8  0.0 36.800010366小野次郎　　5700101  14.3   3.91536446  055

0102221213 37.0  0.1 -1.0  0.0  0.0  0.0 36.100010444武士沢友治　5700101  82.9  13.01536468  0

0402420101 30.0  1.3  1.7  1.5  0.0  0.0 34.500010399吉永護　　　5300102   8.2   3.60926416+ 45 5

0402420102 30.4  1.5  2.8  2.0  3.6  0.0 40.300010397横山義行　　5300102  10.5   1.50926470+ 2413

0402420103 20.0  0.2  1.3  0.0  2.0  0.0 23.502010454穂苅寿彦　　5300102  17.9   4.40926446- 6 46

0402420104 32.0  2.0  3.1  2.5  2.4  0.0 42.012010479石神深一　　5102102   5.5   1.40926418- 6332

0402420105 10.0  0.1 -1.0  0.0  0.0  0.0  9.100010414高山太郎　　5300102  38.8  16.00926466  0

0402420106 19.0  0.2  0.0  0.0  0.0  0.0 19.200010384郷原洋司　　5300102  22.7   7.60926426- 2

0402420107 14.0  0.5  0.9  0.0  0.0  0.0 15.400010313木幡初広　　5300102  21.6   4.00926482- 8

0402420108 31.0  2.6  3.8  3.5  3.0  0.0 43.900010465二本柳壮　　5300102   3.7   1.10926476- 2121

0402420109 10.0  0.1  0.0  0.0  0.0  0.0 10.100010439池田鉄平　　5300102  53.5  18.00926434+ 6

0402420110 28.0  1.9  1.7  3.0  0.0  0.0 34.600010416吉田豊　　　5300102   3.1   1.20926448+182 4

0402420111 10.0  0.0  0.0  0.0  0.0  0.0 10.010010386徳吉孝士　　5300102  50.1  24.00926436- 4

0402420112 15.0  0.8  0.9  0.0  0.0  0.0 16.700010349蛯名正義　　5300102  14.7   4.80926432+14

0402420201 20.0  0.4  0.0  0.0  0.0  0.0 20.400010397横山義行　　5500102  18.4   4.30950450  0

0402420202 24.2  1.5  2.4  1.5  2.0  0.0 31.600010445村田一誠　　5500102   7.0   3.10950498+10544

0402420203 21.0  2.3  2.2  3.0  2.1  0.0 30.600010375江田照男　　5500102   3.9   1.70950468+ 2235

0402420204 29.0  1.5  1.7  2.0  2.2  0.0 36.410010396小林淳一　　5500102   8.8   2.00950504+ 2422

0402420205 10.0  0.1 -1.0  0.0  0.0  0.0  9.100010386徳吉孝士　　5500102 148.0  38.00950496+ 4

0402420206 10.0  0.1 -1.0  0.0  0.0  0.0  9.102010376沢昭典　　　5500102  42.3   7.80950446+ 4

0402420207 10.0  0.5  0.0  0.0  0.0  0.0 10.502010395後藤浩輝　　5500102  16.2   3.60950460- 4

0402420208 15.0  0.1 -1.0  0.0  0.0  0.0 14.100010479石神深一　　5302102 148.0  15.00950414  0

0402420209 19.0  0.8  1.2  0.0  0.0  0.0 21.002010488蓑島靖典　　5203102  14.8   5.30950428  0  6

0402420210 10.0  0.2 -1.0  0.0  0.0  0.0  9.202010485柄崎将寿　　5203102 357.0  28.00950418+14

0402420211 28.0  2.7  2.6  2.5  3.6  0.0 39.410010416吉田豊　　　5500102   4.0   2.40950446+ 4311

0402420212 23.0  2.0  3.6  3.5  1.8  0.0 33.900010470梶晃啓　　　5401102   9.8   1.30950470+10153

0402420213 18.0  0.6  0.2  0.0  0.0  0.0 18.800010313木幡初広　　5500102  13.9   2.30950478+ 4

0402420214 17.0  0.5  1.6  0.0  0.0  0.0 19.110010387橋本広喜　　5500102   9.6   2.40950500- 8

0402420301 10.0  0.2 -1.0  0.0  0.0  0.0  9.210010348伊藤暢康　　5300102  68.1  11.01025472+ 2

0402420302 20.0  0.4  1.3  0.0  0.0  0.0 21.710010384郷原洋司　　5500102  14.5   4.01025434+ 8

0402420303 28.0  1.7  1.6  2.0  3.4  0.0 36.702010317天間昭一　　5500102   5.8   1.61025472-12423

0402420304 21.0  0.4 -1.0  0.0  0.0  0.0 20.400010491田辺裕信　　5203102  28.2   4.31025458  0

0402420305 38.0  0.5  4.5  0.0  0.0  0.0 43.000010385土谷智紀　　5300102  13.7   6.11025450     2

0402420306 24.0  1.9  2.2  3.0  2.3  0.0 33.400010396小林淳一　　5300102   8.1   1.61025448  0244

0402420307 23.0  1.8  3.1  2.5  2.4  0.0 32.800010119坂井千明　　5500102   6.1   1.71025490  0335

0402420308 10.0  0.4  0.0  0.0  0.0  0.0 10.400010324柴田善臣　　5300102  30.4   8.81025468-12

0402420309 13.0  0.1 -1.0  0.0  0.0  0.0 12.102010414高山太郎　　5500102  55.6  23.01025458- 6

0402420310 10.0  0.1 -1.0  0.0  0.0  0.0  9.100010397横山義行　　5300102  88.5  16.01025420- 2

0402420311 10.0  0.1  0.0  0.0  0.0  0.0 10.100010487平沢健治　　5203102 221.0  27.01025424+ 6

0402420312 19.0  1.1  0.6  1.5  0.0  0.0 22.200010388水野貴広　　5300102   8.4   2.51025462-105 6

0402420313 30.0  3.5  4.0  3.5  4.0  0.0 45.010010416吉田豊　　　5500102   2.6   1.01025434  0111

0402420314 10.0  0.4  0.0  0.0  0.0  0.0 10.402010465二本柳壮　　5500102  20.1   3.71025492+ 6

0402420401 40.1  2.7  3.7  2.5  3.6  0.0 52.600010485柄崎将寿　　5003102   2.4   1.31055464   312

0402420402 43.5  2.7  4.3  2.0  2.0  0.0 54.500010349蛯名正義　　5300102   4.5   1.11055442   441

0402420403 35.5  2.4  2.8  3.5  2.3  0.0 46.500010368田中勝春　　5300102   4.0   1.21055440   133

0402420404 21.2  0.4  0.2  0.0  0.0  0.0 21.800010375江田照男　　5300102  14.5   2.71055446

0402420405 22.2  0.5  0.3  0.0  2.4  0.0 25.400010397横山義行　　5300102  31.1   6.01055428    25

0402420406 15.1  0.2 -1.0  0.0  0.0  0.0 14.303010430柴田未崎　　5300102  43.8   8.81055526

0402420407 25.4  1.3  0.8  3.0  0.0  0.0 30.500010313木幡初広　　5300102   8.5   1.61055480   2 4

0402420408 15.2  0.1 -1.0  0.0  0.0  0.0 14.300010348伊藤暢康　　5300102  71.3   7.61055466

0402420409 15.9  0.4  0.0  1.5  0.0  0.0 17.800010324柴田善臣　　5300102  21.5   4.21055454   5

0402420410 22.6  0.3  0.3  0.0  0.0  0.0 23.200010465二本柳壮　　5300102  14.8   5.41055440     6

0402420411 15.0  0.1 -1.0  0.0  0.0  0.0 14.100010385土谷智紀　　5300102  80.1  20.01055470

0402420501 25.4  0.9  1.0  0.0  0.0  0.0 27.300010445村田一誠　　5300102  20.0   3.21126498     6

0402420502 22.9  0.8  0.6  0.0  0.0  0.0 24.300010349蛯名正義　　5300102  13.5   4.31126466

0402420503 39.3  2.7  3.5  3.0  3.6  0.0 52.100010076岡部幸雄　　5300102   3.5   1.21126518   212

0402420504 28.2  0.8  1.6  2.5  2.0  0.0 35.100010368田中勝春　　5300102   5.3   1.51126486   343

0402420505 27.5  1.5  1.5  2.0  2.4  0.0 34.900010470梶晃啓　　　5201102   7.2   1.81126454   434

0402420506 26.2  0.7  1.2  0.0  0.0  0.0 28.100010375江田照男　　5300102  19.3   3.51126454     5

0402420507 42.2  3.4  4.1  3.5  3.4  0.0 56.600010324柴田善臣　　5300102   2.8   1.31126480   121

0402420508 23.1  0.5  0.6  0.0  0.0  0.0 24.200010416吉田豊　　　5300102  30.6   4.71126430

0402420509 19.0  1.2  0.0  1.5  0.0  0.0 21.700010396小林淳一　　5300102  11.3   2.11126572   5

0402420601 39.0  3.3  4.9  3.5  3.2  0.0 53.900010368田中勝春　　5500102   2.6   1.11220472- 2121

0402420602 10.0  0.3 -1.0  0.0  0.0  0.0  9.300010270田中剛　　　5500102  75.9  15.01220418+ 4

0402420603 22.0  0.0  0.0  0.0  0.0  0.0 22.002010485柄崎将寿　　5203102 245.0  23.01220464+ 8

0402420604 23.0  0.3  0.0  0.0  0.0  0.0 23.300010346松永幹夫　　5300102  79.5  11.01220432- 2

0402420605 27.0  0.2  0.2  0.0  0.0  0.0 27.400010349蛯名正義　　5500102  32.6   9.41220498+ 4

0402420606 21.0  0.0 -1.0  0.0  0.0  0.0 20.000010454穂苅寿彦　　5300102 157.0  12.01220490+ 6

0402420607 34.0  0.0 -1.0  0.0  0.0  0.0 33.000010480大沢辰也　　5003102  66.5   9.31220408- 2  6

0402420608 32.0  0.6  0.2  0.0  0.0  0.0 32.800010313木幡初広　　5500102  17.7   3.21220474+12

0402420609 25.0  0.2  0.0  0.0  0.0  0.0 25.200010414高山太郎　　5500102  65.3   8.11220480+20

0402420610 29.0  0.0  0.1  0.0  0.0  0.0 29.100010432牧原由貴子　5300102  14.4   2.51220458+ 2

0402420611 34.4  0.5  1.7  2.0  0.0  0.0 38.600010375江田照男　　5300102   8.3   2.61220456- 84 5

0402420612 20.0  0.4  0.0  0.0  0.0  0.0 20.400010395後藤浩輝　　5300102  49.4   7.61220432+ 2

0402420613 28.0  0.1  0.0  0.0  0.0  0.0 28.100010386徳吉孝士　　5500102 160.0  28.01220434- 2

0402420614 37.0  2.3  3.6  3.0  2.4  0.0 48.310010324柴田善臣　　5500102   3.6   1.61220502- 8243

0402420615 38.0  1.4  3.6  2.5  3.0  0.0 48.500010471嘉藤貴行　　5201102   6.9   1.61220474+ 6332

0402420616 34.2  1.0  1.3  1.5  4.0  0.0 42.010010470梶晃啓　　　5201102  13.1   3.51220460+ 6514

0402420617 27.0  0.1  0.0  0.0  0.0  0.0 27.110010413小林久晃　　5500102 109.0  11.01220416+ 6

0402420618 23.0  0.1  0.0  0.0  0.0  0.0 23.110010465二本柳壮　　5300102 183.0  20.01220432- 6

0402420701 39.4  1.5  2.4  2.0  3.3  0.0 48.602010395後藤浩輝　　5800102   4.6   1.61249480  0433

0402420702 16.0  0.1  0.0  0.0  0.0  0.0 16.103010399吉永護　　　5600102 104.0  18.01249490- 2

0402420703 22.0  0.2  0.0  0.0  0.0  0.0 22.210010313木幡初広　　5700102  74.8  20.01249484+ 6

0402420704 37.8  2.2  3.0  2.5  2.4  0.0 47.900010076岡部幸雄　　5700102  10.2   1.81249454- 2344

0402420705 40.0  3.0  4.6  3.5  3.6  0.0 54.702010445村田一誠　　5500102   3.0   1.71249454- 8111

0402420706 35.5  0.7  1.4  0.0  3.4  0.0 41.000010349蛯名正義　　5300102  13.6   3.41249470+16 25

0402420707 20.0  0.6  0.0  0.0  0.0  0.0 20.600010438和田竜二　　5700102  13.3   4.41249496+ 6

0402420708 22.0  0.2  0.0  0.0  0.0  0.0 22.202010439池田鉄平　　5500102  24.3   3.81249490  0

0402420709 10.0  0.1  0.0  0.0  0.0  0.0 10.110010472金子光希　　5403102 118.0  15.01249528- 2

0402420710 26.0  0.1  0.0  0.0  0.0  0.0 26.100010386徳吉孝士　　5500102 139.0  10.01249474  0 9

0402420711 39.0  2.5  3.3  3.0  2.3  0.0 50.100010368田中勝春　　5700102   3.4   1.01249458+ 4252

0402420712 36.0  1.1  0.0  1.5  0.0  0.0 38.600010324柴田善臣　　5500102   9.7   1.91249438+ 45 6

0402420801 39.4  2.1  3.9  2.0  2.0  0.0 49.400010375江田照男　　5500102   6.8   2.21316490- 2442

0402420802 19.0  0.2  0.0  0.0  0.0  0.0 19.200010489五十嵐雄祐　5203102  75.7  12.01316460+ 2

0402420803 40.0  1.0  0.2  3.0  0.0  0.0 44.200010445村田一誠　　5300102   6.7   2.61316460+ 22 6

0402420804 36.0  0.3  0.0  0.0  0.0  0.0 36.300010416吉田豊　　　5300102  16.0   6.81316426- 4

0402420805 33.0  0.2 -1.0  0.0  0.0  0.0 32.202010479石神深一　　5202102  46.1   5.91316428+ 6

0402420806 43.0  0.8  0.3  0.0  2.2  0.0 46.300010386徳吉孝士　　5500102  19.8   6.91316444+ 2 34

0402420807 41.0  2.0  3.1  0.0  2.4  0.0 48.500010313木幡初広　　5400102  11.1   3.11316438+ 2 23

0402420808 35.0  0.6  0.0  0.0  0.0  0.0 35.600010407宗像徹　　　5400102  20.4   3.71316432+ 6

0402420809 43.4  1.5  2.6  3.5  3.6  0.0 54.600010349蛯名正義　　5300102   6.9   3.11316480+14111

0402420810 37.0  0.1 -1.0  0.0  0.0  0.0 36.100010241大塚栄三郎　5400102  94.5  25.01316464+ 6

0402420811 34.0  0.2  0.0  0.0  0.0  0.0 34.200010429柴田大知　　5500102 127.0  24.01316452+ 2

0402420812 42.0  0.0  0.0  2.5  0.0  0.0 44.500010432牧原由貴子　5400102   5.9   2.21316472+ 23 5

0402420813 36.0  0.5  1.0  1.5  0.0  0.0 39.010010465二本柳壮　　5300102   9.6   3.41316416  05

0402420814 39.0  0.4  2.0  0.0  0.0  0.0 41.400010385土谷智紀　　5500102  12.8   3.11316476- 4

0402420815 31.0  0.2  0.0  0.0  0.0  0.0 31.200010471嘉藤貴行　　5201102  69.1  18.01316428- 8

0402420816 36.0  0.0  0.0  0.0  0.0  0.0 36.000010481大庭和弥　　5003102  20.0   4.61316424+ 6

0402420817 38.0  1.1  2.5  0.0  0.0  0.0 41.600010368田中勝春　　5400102  11.1   3.61316442  0

0402420818 37.0  0.1  0.0  0.0  0.0  0.0 37.100010384郷原洋司　　5500102  64.9   8.01316452+ 2

0402420901 55.0  1.1  0.8  2.0  0.0  0.0 58.900010395後藤浩輝　　5700102   7.3   2.21351454+144 5

0402420902 60.4  3.2  3.0  3.0  4.0  0.0 73.600010324柴田善臣　　5700102   2.7   1.01351456  0211

0402420903 54.6  1.0  0.6  0.0  0.0  0.0 56.203010349蛯名正義　　5600102  22.4   4.11351474+ 2  6

0402420904 60.0  2.9  3.6  3.5  3.4  0.0 73.400010416吉田豊　　　5600102   2.6   1.01351500- 6122

0402420905 57.0  0.9  0.0  1.5  2.0  0.0 61.400010119坂井千明　　5600102  16.8   2.91351452  0534

0402420906 51.0  0.3 -1.0  0.0  0.0  0.0 50.300010375江田照男　　5600102  36.6   6.01351466  0

0402420907 53.0  0.5  0.0  0.0  0.0  0.0 53.500010445村田一誠　　5500102  34.4   5.21351412- 2

0402420908 58.0  2.8  3.1  2.5  0.0  0.0 66.400010368田中勝春　　5600102   4.4   1.01351492+ 2393

0402421001 35.0  0.1  0.0  0.0  0.0  0.0 35.100010481大庭和弥　　5500102  19.5   3.41425482+ 2

0402421002 35.2  0.2 -1.0  0.0  0.0  0.0 34.410010490井西泰政　　5600102 109.0  21.01425494+20

0402421003 29.0  0.1  0.0  0.0  0.0  0.0 29.100010491田辺裕信　　5600102 143.0  36.01425470  0

0402421004 45.0  0.7  2.2  2.0  2.4  0.0 52.310010349蛯名正義　　5700102   5.8   1.81425514+10442

0402421005 37.0  0.3  0.0  0.0  0.0  0.0 37.300010076岡部幸雄　　5600102  35.9   7.91425482+ 6

0402421006 34.0  0.3 -1.0  0.0  0.0  0.0 33.302010346松永幹夫　　5600102  28.1   4.91425496- 8

0402421007 42.1  1.7  2.0  2.5  3.6  0.0 51.900010324柴田善臣　　5500102   7.5   2.81425508+18315

0402421008 49.0  3.2  4.4  3.5  3.2  0.0 63.300010368田中勝春　　5700102   2.2   1.01425466  0121

0402421009 41.0  2.3  3.0  3.0  3.0  0.0 52.300010375江田照男　　5600102   8.0   1.71425484+ 6234

0402421010 47.0  1.6  2.2  1.5  0.0  0.0 52.300010395後藤浩輝　　5700102  10.9   2.81425482+ 4593

0402421011 25.0  0.2  0.0  0.0  0.0  0.0 25.200010396小林淳一　　5600102  26.9   4.91425498+ 4

0402421012 42.0  0.4  0.0  0.0  0.0  0.0 42.400010470梶晃啓　　　5400102  29.1   3.21425522+18  6

0402421013 34.0  0.4  1.6  0.0  0.0  0.0 36.001010385土谷智紀　　5600102  16.7   3.31425508-16

0402421014 38.0  0.5  0.0  0.0  0.0  0.0 38.500010416吉田豊　　　5600102  27.4   4.81425516+ 4

0402421101 67.0  2.0  4.0  3.0  3.3  0.0 79.300010395後藤浩輝　　5400102   4.9   1.41501468- 4232

0402421102 61.0  0.7  1.9  0.0  0.0  0.0 63.600010384郷原洋司　　5500102   9.9   2.01501456- 2

0402421103 59.0  0.5  0.0  0.0  0.0  0.0 59.500010396小林淳一　　5200102  20.2   4.51501502- 4

0402421104 63.4  1.5  3.0  0.0  2.4  0.0 70.300010438和田竜二　　5700102  14.0   3.01501478- 4 45

0402421105 61.4  1.0  2.7  1.5  0.0  0.0 66.600010375江田照男　　5400102  10.2   2.51501496- 45 6

0402421106 65.6  1.8  2.4  2.5  2.3  0.0 74.600010076岡部幸雄　　5500102   7.0   2.01501518+ 8354

0402421107 56.0  0.3 -1.0  0.0  0.0  0.0 55.300010445村田一誠　　5100102  81.3  17.01501518+ 2

0402421108 61.2  0.2 -1.0  0.0  0.0  0.0 60.400010439池田鉄平　　5200102  63.6   8.81501504  0

0402421109 63.0  0.8  0.0  0.0  0.0  0.0 63.800010349蛯名正義　　5100102  14.6   3.11501472+ 2

0402421110 66.4  1.3  2.3  2.0  3.4  0.0 75.400010324柴田善臣　　5500102   7.7   2.11501538+ 2423

0402421111 66.0  2.8  4.3  3.5  4.0  0.0 80.602010346松永幹夫　　5700102   2.7   1.31501552-18111

0402421201 42.0  0.4  1.4  0.0  0.0  0.0 43.800010413小林久晃　　5500102  15.6   4.01535442- 6

0402421202 36.0  0.1  0.0  0.0  0.0  0.0 36.100010119坂井千明　　5600102  35.1  32.01535460+ 6

0402421203 44.0  1.3  1.6  3.0  2.2  0.0 52.100010489五十嵐雄祐　5003102   5.6   1.91535416- 2243

0402421204 44.4  2.0  3.2  2.5  0.0  0.0 52.100010324柴田善臣　　5700102   5.7   1.61535474- 23 2

0402421205 43.0  0.3  0.9  0.0  0.0  0.0 44.200010357藤原英幸　　5700102  18.2   3.91535558+ 8

0402421206 38.0  0.3  0.0  0.0  0.0  0.0 38.300010375江田照男　　5300102  24.4   7.91535480+28

0402421207 38.0  0.3  0.0  0.0  0.0  0.0 38.310010416吉田豊　　　5600102  31.4   7.41535466+ 6

0402421208 30.0  0.2 -1.0  0.0  0.0  0.0 29.212010491田辺裕信　　5003102  75.9  18.01535450+ 8

0402421209 42.4  0.8  0.7  0.0  0.0  0.0 43.902010397横山義行　　5500102  12.5   4.11535522+ 8

0402421210 41.0  0.6  0.0  2.0  0.0  0.0 43.600010395後藤浩輝　　5600102  14.9   3.41535510+124

0402421211 42.3  0.3  0.3  0.0  0.0  0.0 42.900010490井西泰政　　5203102  17.8   4.71535472+ 8

0402421212 40.1  1.2  0.6  0.0  0.0  0.0 41.910010349蛯名正義　　5700102  16.1   5.71535540+ 8

0402421213 36.0  0.2 -1.0  0.0  0.0  0.0 35.210010470梶晃啓　　　5201102  33.6  11.01535448- 2

0402421214 46.0  0.5  0.5  0.0  4.0  0.0 51.000010384郷原洋司　　5500102  12.1   5.01535468+ 6 14

0402421215 42.1  1.3  1.2  1.5  2.4  0.0 48.500010076岡部幸雄　　5300102  14.4   4.31535450- 2525

0402421216 42.2  2.8  2.9  3.5  2.3  0.0 53.700010414高山太郎　　5300102   6.6   1.81535466- 4131

0402421217 43.4  0.7  1.0  0.0  0.0  0.0 45.100010313木幡初広　　5700102  20.9   4.31535452- 2  6

0402421218 39.0  0.1 -1.0  0.0  0.0  0.0 38.100010472金子光希　　5203102  31.9   7.61535472+ 2

0902420101 18.0  0.5  0.0  1.5  2.1  0.0 22.110030023石崎隆之　　5300102  23.3   3.10927470+ 4546

0902420102 16.0  0.3 -1.0  0.0  0.0  0.0 15.302010403橋本美純　　5300102 116.0  13.00927428- 2

0902420103 14.0  0.2 -1.0  0.0  0.0  0.0 13.200010370小池隆生　　5300102  99.1  11.00927482- 6

0902420104 22.0  2.9  3.8  2.0  3.4  0.0 34.100030182岩田康誠　　5300102   8.9   2.20927470+14421

0902420105 15.0  0.1 -1.0  0.0  0.0  0.0 14.110010382牧田和弥　　5300102 165.0  24.00927464- 8

0902420106 14.0  0.1  0.0  0.0  2.3  0.0 16.400010478服部剛史　　5102102 154.0  17.00927456  0 2

0902420107 18.1  0.7  1.7  3.0  0.0  0.0 23.500010428野元昭嘉　　5300102  25.2   1.00927462- 22 5

0902420108 20.0  3.7  4.2  3.5  0.0  0.0 31.402010390四位洋文　　5300102   1.2   1.10927480+141 3

0902420109 24.0  1.3  2.6  0.0  2.0  0.0 29.900010372佐藤哲三　　5300102  15.9   2.50927454  0 54

0902420110 15.0  0.5 -1.0  0.0  0.0  0.0 14.500010495柴原央明　　5003102  63.3   5.60927452+ 2

0902420111 14.0  0.2 -1.0  0.0  0.0  0.0 13.212010455池添謙一　　5300102  57.9  10.00927466- 8

0902420112 23.0  1.6  2.8  2.5  2.2  0.0 32.100010327石橋守　　　5300102   7.8   1.40927458- 2332

0902420113 14.0  0.3  0.0  0.0  0.0  0.0 14.310010419幸英明　　　5300102  43.3   4.60927438- 8

0902420114 14.0  0.1 -1.0  0.0  0.0  0.0 13.103010450仲田雅興　　5300102 106.0  15.00927446-20

0902420201 21.0  2.7  4.3  2.0  1.8  0.0 31.800010327石橋守　　　5500103   6.9   2.10951472  0452

0902420202 24.0  2.5  2.0  3.5  2.1  0.0 34.100010433高橋亮　　　5300103   3.5   1.80951472  0121

0902420203 21.2  1.6  2.5  3.0  2.0  0.0 30.300010446秋山真一郎　5500103   6.2   3.20951496- 2233

0902420204 22.0  0.6  0.0  0.0  0.0  0.0 22.610010494高野容輔　　5203103  20.7   4.50951480- 4  6

0902420205 17.0  1.1  0.9  0.0  0.0  0.0 19.000010456荻野要　　　5500103   6.0   2.60951518+ 4

0902420206 15.0  0.2  0.0  0.0  0.0  0.0 15.210010426金折知則　　5500103  48.2  18.00951506-12

0902420207 17.0  0.2 -1.0  0.0  0.0  0.0 16.202010486難波剛健　　5203103  33.6  16.00951426-12

0902420208 18.0  0.7  0.8  1.5  1.9  0.0 22.900010460太宰啓介　　5500103   9.6   1.30951454+ 4545

0902420209 15.0  0.8  1.7  2.5  0.0  0.0 20.000010495柴原央明　　5203103  10.8   1.70951486- 43

0902420210 16.0  1.4  1.6  0.0  0.0  0.0 19.010030004吉田稔　　　5500103  10.5   2.50951530  0

0902420211 14.0  0.4 -1.0  0.0  0.0  0.0 13.402010403橋本美純　　5500103  34.1   6.80951466- 6

0902420212 19.0  1.3  1.0  0.0  3.1  0.0 24.400010370小池隆生　　5500103  11.3   3.00951480- 2 24

0902420301 15.8  0.4  0.0  0.0  2.4  0.0 18.600010373角田晃一　　5300102  18.1   3.21022464    26

0902420302 15.0  0.3 -1.0  0.0  0.0  0.0 14.300010372佐藤哲三　　5300102  23.7   3.81022486

0902420303 15.0  0.1 -1.0  0.0  0.0  0.0 14.100010483小坂忠士　　5102102  44.4   7.81022432

0902420304 36.0  2.0  3.0  3.0  2.3  0.0 46.302030023石崎隆之　　5300102   4.0   1.11022454   232

0902420305 15.4  0.2  0.0  0.0  0.0  0.0 15.600030004吉田稔　　　5300102  44.9   9.21022440

0902420306 28.6  2.4  1.4  2.0  2.1  0.0 36.500030182岩田康誠　　5300102  10.7   3.81022428   444

0902420307 33.5  1.9  2.5  3.5  2.0  0.0 43.400010390四位洋文　　5300102   3.4   1.41022468   153

0902420308 15.0  0.2  0.0  0.0  0.0  0.0 15.200010486難波剛健　　5003102  19.1   2.61022424

0902420309 15.1  0.3  0.0  0.0  0.0  0.0 15.400010370小池隆生　　5300102  29.7   5.51022442

0902420310 15.0  0.1 -1.0  0.0  0.0  0.0 14.102010426金折知則　　5300102  61.8  23.01022480

0902420311 15.3  0.3  0.0  0.0  0.0  0.0 15.600010433高橋亮　　　5300102  52.4   7.81022434

0902420312 23.6  1.0  0.7  1.5  0.0  0.0 26.802010198河内洋　　　5300102  21.3   2.71022422   5 5

0902420313 15.0  0.1  0.0  0.0  0.0  0.0 15.100010428野元昭嘉　　5300102  32.5  10.01022462

0902420314 15.0  0.1 -1.0  0.0  0.0  0.0 14.100010466宇田登志夫　5300102  51.6  12.01022440

0902420315 15.0  0.4 -1.0  0.0  0.0  0.0 14.402010478服部剛史　　5102102  32.1  10.01022398

0902420316 41.7  3.5  4.1  2.5  3.4  0.0 55.200010455池添謙一　　5300102   4.8   2.11022486   321

0902420317 15.0  0.2 -1.0  0.0  0.0  0.0 14.200010495柴原央明　　5003102  32.7   8.71022452

0902420401 26.1  2.4  1.2  2.5  2.1  0.0 34.300030182岩田康誠　　5300102   7.4   2.11054486   334

0902420402 41.4  2.8  4.0  3.5  3.4  0.0 55.100010390四位洋文　　5300102   2.1   1.51054496   122

0902420403 33.6  1.5  2.6  2.0  2.0  0.0 41.700010343熊沢重文　　5300102  10.5   1.71054486   443

0902420404 25.2  0.8  1.1  1.5  0.0  0.0 28.602010373角田晃一　　5300102  17.0   2.11054454   5 5

0902420405 15.0  0.4 -1.0  0.0  0.0  0.0 14.400010460太宰啓介　　5300102  28.8   3.71054440

0902420406 15.3  0.3  0.0  0.0  0.0  0.0 15.600010362芹沢純一　　5300102  48.2   5.81054446

0902420407 15.0  0.2 -1.0  0.0  0.0  0.0 14.200010327石橋守　　　5300102 104.0  16.01054460

0902420408 22.4  0.4  0.2  0.0  0.0  0.0 23.000010370小池隆生　　5300102  28.6   2.51054444     6

0902420409 15.0  0.5  0.0  0.0  0.0  0.0 15.500010198河内洋　　　5300102  41.8   7.91054432

0902420410 42.8  3.5  4.3  3.0  2.4  0.0 56.000010455池添謙一　　5300102   3.1   1.11054448   221

0902420411 15.0  0.2  0.0  0.0  0.0  0.0 15.200010374山田泰誠　　5300102  20.3   3.31054462

0902420501 17.0  3.6  4.1  3.5  3.4  0.0 31.600010468高田潤　　　6000102   2.8   1.01127504+ 4121

0902420502 15.2  1.3  0.1  2.0  0.0  0.0 18.600010447今村康成　　6000102   7.2   2.41127456+124 5

0902420503 13.0  1.1  0.0  1.5  0.0  0.0 15.602010458白浜雄造　　6000102   9.6   2.01127462-105

0902420504 15.0  2.5  0.0  0.0  0.0  0.0 17.502010380北沢伸也　　6000102  12.9   2.81127476+18  6

0902420505 16.0  2.9  4.1  2.5  2.4  0.0 27.900010261嘉堂信雄　　6000102   5.0   1.41127548+10322

0902420506 15.1  1.6  2.6  3.0  0.0  0.0 22.300010417植野貴也　　5800102   4.2   2.21127434+ 62 3

0902420507 14.0  0.2  0.0  0.0  0.0  0.0 14.200010302岡冨俊一　　5800102  13.5   3.21127470- 4

0902420508 16.2  0.5  0.0  0.0  2.1  0.0 18.802010402高橋康之　　6000102  11.9   3.91127520-16 34

0902420601 36.0  1.3  2.9  1.5  0.0  0.0 41.702010460太宰啓介　　5500102   7.3   3.11221424- 45 3

0902420602 27.0  0.3 -1.0  2.0  0.0  0.0 28.310010469武英智　　　5300102  10.8   4.01221408-184

0902420603 20.0  0.2 -1.0  0.0  0.0  0.0 19.200010419幸英明　　　5300102  55.5   9.01221434- 2

0902420604 15.0  0.4  0.0  0.0  0.0  0.0 15.400010198河内洋　　　5300102  20.9   4.41221408

0902420605 26.0  0.0 -1.0  0.0  0.0  0.0 25.000010484田中亮　　　5003102  27.9   6.41221412  0

0902420606 25.0  0.1 -1.0  0.0  0.0  0.0 24.100010486難波剛健　　5203102  30.0   4.41221432- 4

0902420607 25.0  0.2 -1.0  0.0  0.0  0.0 24.200010492岩崎祐己　　5203102  65.3  16.01221448- 6

0902420608 19.0  0.3 -1.0  0.0  0.0  0.0 18.300010433高橋亮　　　5300102  86.9  21.01221402+16

0902420609 33.0  1.5  2.5  0.0  2.1  0.0 39.102010343熊沢重文　　5300102   6.7   2.21221468- 2 34

0902420610 30.0  0.5  0.5  0.0  0.0  0.0 31.002030023石崎隆之　　5300102  14.1   3.61221426- 4

0902420611 41.0  2.7  3.9  3.0  3.4  0.0 54.000010373角田晃一　　5500102   4.7   1.31221460-12221

0902420612 31.1  1.6  0.8  0.0  2.0  0.0 35.510010428野元昭嘉　　5500102  13.2   5.41221512-10 45

0902420613 32.0  2.0  3.0  3.5  2.4  0.0 42.902010446秋山真一郎　5500102   5.7   1.11221498- 4122

0902420614 20.0  0.2  0.0  0.0  0.0  0.0 20.200010494高野容輔　　5203102 133.0  32.01221492- 4

0902420615 26.0  0.1  0.0  2.5  0.0  0.0 28.612010477畑端省吾　　5302102   8.5   2.61221478-103

0902420616 31.0  0.2  0.0  0.0  0.0  0.0 31.200010327石橋守　　　5500102  14.4   3.51221478  0  6

0902420701 37.1  1.4  1.4  0.0  0.0  0.0 39.902030004吉田稔　　　5700102  12.3   2.71248496- 4  5

0902420702 31.0  0.2 -1.0  0.0  0.0  0.0 30.212010495柴原央明　　5403102  47.2  15.01248476+ 2

0902420703 31.0  0.3  0.7  1.5  0.0  0.0 33.500010433高橋亮　　　5500102  11.1   3.21248540+105 6

0902420704 25.0  0.2  0.0  0.0  0.0  0.0 25.200010492岩崎祐己　　5003102  60.9  31.01248412+14

0902420705 30.0  0.1  0.0  0.0  0.0  0.0 30.100010428野元昭嘉　　5500102 204.0  34.01248432- 2

0902420706 25.0  0.1  0.0  0.0  0.0  0.0 25.110010281大西直宏　　5300102  65.7   6.31248486+ 8

0902420707 34.2  1.2  2.0  2.5  2.2  0.0 42.102010403橋本美純　　5500102   6.0   2.01248456+10344

0902420708 26.0  0.2  0.0  0.0  0.0  0.0 26.200010372佐藤哲三　　5500102  38.0   7.51248524+ 4

0902420709 30.0  0.0  0.0  0.0  0.0  0.0 30.000030182岩田康誠　　5500102  26.5  10.01248438- 8

0902420710 25.0  0.3  0.0  0.0  0.0  0.0 25.300010362芹沢純一　　5700102  18.5   5.91248480- 4

0902420711 37.0  2.7  4.0  2.0  2.4  0.0 48.110010446秋山真一郎　5700102   4.5   1.61248494- 2422

0902420712 34.0  2.5  3.0  3.5  2.3  0.0 45.300010198河内洋　　　5700102   3.9   1.31248462  0133

0902420713 27.0  0.3 -1.0  0.0  0.0  0.0 26.300010483小坂忠士　　5502102  21.9   3.71248458- 4

0902420714 30.0  0.2  0.0  0.0  0.0  0.0 30.200010467白坂聡　　　5600102  35.4   8.01248494+14

0902420715 38.0  2.4  4.1  3.0  3.6  0.0 51.100010390四位洋文　　5500102   5.3   1.61248508- 2211

0902420716 33.0  0.3 -1.0  0.0  0.0  0.0 32.300010343熊沢重文　　5500102  57.0  16.01248472+ 2

0902420801 43.0  2.1  3.1  2.5  3.4  0.0 54.110010477畑端省吾　　5402102   4.6   1.81315456+ 4321

0902420802 38.0  1.5  1.6  1.5  2.0  0.0 44.600010343熊沢重文　　5500102   7.4   3.81315492  0543

0902420803 37.0  1.5  4.0  0.0  0.0  0.0 42.500010373角田晃一　　5300102  10.6   3.41315488  0  5

0902420804 38.0  1.2  1.2  0.0  0.0  0.0 40.400010372佐藤哲三　　5700102  15.7   3.41315478+ 6

0902420805 40.3  0.1  0.0  0.0  0.0  0.0 40.402010486難波剛健　　5403102  22.0   5.31315486  0

0902420806 40.1  0.4  0.0  0.0  0.0  0.0 40.500010362芹沢純一　　5700102  12.7   3.01315414-14  6

0902420807 32.0  0.1 -1.0  0.0  0.0  0.0 31.100010428野元昭嘉　　5600102 170.0   6.81315500+16

0902420808 40.4  1.0  1.2  3.5  2.4  0.0 48.500010198河内洋　　　5500102   6.0   2.01315464-10122

0902420809 38.0  0.2 -1.0  0.0  0.0  0.0 37.210010492岩崎祐己　　5203102  68.9  14.01315470  0

0902420810 34.0  0.8  0.2  3.0  0.0  0.0 38.000030182岩田康誠　　5300102   7.1   2.31315454+222

0902420811 40.2  0.2 -1.0  0.0  0.0  0.0 39.400010469武英智　　　5500102  29.9   5.91315468+ 2

0902420812 37.0  0.4 -1.0  0.0  0.0  0.0 36.400010433高橋亮　　　5500102  36.6   7.41315464+ 2

0902420813 25.0  0.1 -1.0  0.0  0.0  0.0 24.100010483小坂忠士　　5102102  57.5  12.01315448- 6

0902420814 25.0  0.2 -1.0  0.0  0.0  0.0 24.212010327石橋守　　　5300102  77.5  22.01315424- 6

0902420815 30.0  0.1 -1.0  0.0  0.0  0.0 29.100010221村本善之　　5500102  91.9  16.01315472- 2

0902420816 39.0  0.1  0.0  0.0  0.0  0.0 39.110010393宝来城多郎　5500102  32.9   3.81315472+ 6

0902420817 35.9  2.0  1.2  2.0  2.1  0.0 43.200030004吉田稔　　　5500102   7.4   5.41315452+ 6434

0902420818 40.0  0.3 -1.0  0.0  0.0  0.0 39.300010496南井大志　　5303102  24.6   3.81315450  0

0902420901 50.0  1.2  1.4  3.5  2.0  0.0 58.100030182岩田康誠　　5500102   4.2   1.91348436-10144

0902420902 49.2  2.7  4.8  2.5  3.6  0.0 62.800010373角田晃一　　5500102   2.5   1.01348456+10311

0902420903 49.1  2.4  3.0  3.0  2.1  0.0 59.600010390四位洋文　　5500102   4.8   1.21348476+ 4232

0902420904 50.2  1.6  2.3  2.0  2.4  0.0 58.500010372佐藤哲三　　5600102   6.8   1.91348450- 6423

0902420905 45.8  0.6  1.0  0.0  0.0  0.0 47.400010403橋本美純　　5600102  15.6   2.81348456- 2  6

0902420906 42.0  0.4  0.0  0.0  0.0  0.0 42.400030004吉田稔　　　5500102  25.0   4.71348468-12

0902420907 45.0  0.3 -1.0  0.0  0.0  0.0 44.300010327石橋守　　　5600102  27.0   3.21348488+ 2

0902420908 49.0  1.5  2.8  1.5  0.0  0.0 54.800010198河内洋　　　5500102   7.5   1.51348464  05 5

0902421001 43.0  0.2  0.0  0.0  0.0  0.0 43.200010433高橋亮　　　5400102  14.1   3.41424470+10

0902421002 42.0  0.2 -1.0  0.0  0.0  0.0 41.200010373角田晃一　　5600102  29.1   5.01424466  0

0902421003 50.0  0.7  0.0  2.0  0.0  0.0 52.700010419幸英明　　　5600102   9.7   2.51424488- 74 6

0902421004 63.6  2.9  3.7  3.0  2.4  0.0 75.602010455池添謙一　　5700102   5.1   1.31424490- 6221

0902421005 45.0  0.1  0.0  0.0  0.0  0.0 45.100010327石橋守　　　5600102  78.9  22.01424512- 2

0902421006 45.0  0.3  0.0  0.0  0.0  0.0 45.300010343熊沢重文　　5600102  19.4   2.81424506  0

0902421007 60.0  2.4  3.8  2.5  3.6  0.0 72.300010198河内洋　　　5600102   6.0   2.31424528- 4312

0902421008 44.0  0.2 -1.0  0.0  0.0  0.0 43.200010372佐藤哲三　　5600102  32.0   5.91424466+ 4

0902421009 35.0  0.2  0.0  0.0  0.0  0.0 35.210010390四位洋文　　5300102  19.5   4.41424454+ 2

0902421010 51.1  0.5  0.2  1.5  2.0  0.0 55.300010478服部剛史　　5700102  10.1   2.91424504+10544

0902421011 44.0  0.0 -1.0  0.0  0.0  0.0 43.000030182岩田康誠　　5300102  37.6   7.71424432-12

0902421012 48.0  0.3  0.0  0.0  0.0  0.0 48.300030023石崎隆之　　5600102  33.2   6.71424470+12

0902421013 52.1  3.1  3.8  3.5  2.1  0.0 64.603030004吉田稔　　　5600102   3.2   1.21424508- 4133

0902421014 53.3  0.8  1.1  0.0  0.0  0.0 55.200010281大西直宏　　5700102  13.2   3.71424472- 6  5

0902421101 65.0  3.9  4.4  4.5  4.0  0.0 81.800030182岩田康誠　　5400102   2.3   1.21502476- 8111

0902421102 47.0  0.2 -1.0  0.0  0.0  0.0 46.200010419幸英明　　　5400102  32.3   5.21502446- 6

0902421103 45.0  0.3 -1.0  0.0  0.0  0.0 44.300010373角田晃一　　5700102  91.9  19.01502446+ 4

0902421104 57.7  1.3  1.7  3.0  2.1  0.0 65.800010390四位洋文　　5700102   8.7   1.61502478- 4254

0902421105 55.0  2.0  2.7  2.5  2.3  0.0 64.500010433高橋亮　　　5400102   5.7   1.61502476- 2335

0902421106 57.0  0.6  2.0  0.0  2.4  0.0 62.000010478服部剛史　　5400102  14.8   3.51502488  0 26

0902421107 52.0  0.6  0.7  0.0  0.0  0.0 53.300010455池添謙一　　5400102  18.0   3.61502466- 4

0902421108 51.0  0.5  0.0  0.0  0.0  0.0 51.500010198河内洋　　　5400102  39.0   7.61502478  0

0902421109 53.0  0.2 -1.0  0.0  0.0  0.0 52.210030004吉田稔　　　5600102  86.5  16.01502478  0

0902421110 64.0  1.4  2.6  2.0  0.0  0.0 70.000010281大西直宏　　5700102   6.2   1.91502500+ 44 3

0902421111 63.0  1.2  3.2  1.5  2.2  0.0 71.102030023石崎隆之　　5600102   6.1   1.91502496+14542

0902421112 56.0  0.3  0.0  0.0  0.0  0.0 56.300010370小池隆生　　5400102  55.2   7.71502462- 2

0902421201 29.0  0.1 -1.0  0.0  0.0  0.0 28.100010417植野貴也　　5500102  16.3   4.91535488+ 2

0902421202 35.4  1.7  1.2  0.0  3.6  0.0 41.900030182岩田康誠　　5700102   9.3   3.21535496+ 2 14

0902421203 40.0  1.8  3.7  3.0  2.4  0.0 50.902010343熊沢重文　　5700102   7.6   1.91535506  0221

0902421204 34.2  2.0  2.3  3.5  0.0  0.0 42.000030004吉田稔　　　5500102   3.7   1.51535488- 61 3

0902421205 30.0  0.2  0.2  2.5  0.0  0.0 32.900010477畑端省吾　　5402102   7.3   1.81535496-143

0902421206 25.0  0.3 -1.0  0.0  0.0  0.0 24.300010446秋山真一郎　5500102  55.5  19.01535502+12

0902421207 30.0  0.2 -1.0  0.0  0.0  0.0 29.200010380北沢伸也　　5600102  27.0   5.51535484-10

0902421208 38.0  0.8  0.0  0.0  2.0  0.0 40.800010495柴原央明　　5403102  16.9   4.11535502+ 6 45

0902421209 34.0  0.2 -1.0  0.0  0.0  0.0 33.200010390四位洋文　　5500102  32.9   4.01535428- 8

0902421210 33.0  0.2  0.0  0.0  0.0  0.0 33.202010434常石勝義　　5500102  51.4  11.01535482- 6

0902421211 34.1  0.4  0.1  2.0  0.0  0.0 36.600010373角田晃一　　5300102   6.7   2.31535432- 84 6

0902421212 30.5  1.8  2.0  1.5  0.0  0.0 35.810010455池添謙一　　5700102   6.6   3.11535504- 65

0902421213 35.1  3.2  3.6  0.0  2.2  0.0 44.102010483小坂忠士　　5502102  10.3   2.31535436+ 2 32
